-10 14 -3 -11 -0 -2 -1 7 -12 6 -8 -13 4 -9 -15 -5
12 0 -6 1 -13 8 -14 -5 -2 -9 4 -15 -3 9 10 11
-15 13 -4 -2 -11 9 -10 -3 -7 -5 -14 0 -8 -1 12 6
-9 5 -7 8 4 -6 15 -12 3 -11 10 -1 -14 13 2 -0
8 -3 9 0 -15 12 13 1 10 -2 -6 5 -11 -4 7 14
-14 -2 1 -12 -8 -10 6 11 4 7 -13 9 -0 -5 3 -15
7 -4 -15 10 2 5 -0 -14 -8 1 -11 -3 -12 -6 9 -13
-13 -11 -5 -6 3 -4 7 -9 14 -15 0 12 -2 8 -1 -10
-2 -10 -11 -14 -9 -13 -3 -8 -5 -12 -15 7 -1 -0 6 4
5 -15 -0 4 -1 -7 -2 10 11 -14 3 -6 13 12 8 9
-1 8 -13 -7 -14 11 -12 -6 0 -4 -9 -2 10 -15 5 3
-6 -11 12 -3 -5 -15 -4 0 13 10 -1 -8 -7 14 -11 -2
-4 12 10 13 7 -3 11 -15 -6 8 5 14 9 -2 -0 -1
-0 7 14 9 -10 -1 -5 -2 -15 3 -12 -4 6 -11 13 -8
11 -1 -2 -5 6 -0 -8 -4 -9 13 -7 -10 -15 -3 -14 12
-3 6 -8 -15 12 14 -9 13 -1 -0 -2 11 5 -10 -4 7