-6 7 -9 -1 -0 -3 -4 -8 -12 -11 -5 14 -13 10 -2 -15
8 -4 -15 -13 -14 12 -2 -10 -9 3 -6 -0 -7 -5 1 11
-3 -0 12 -2 5 1 -11 13 -7 4 -15 10 9 -6 -8 -14
-5 -11 -14 -10 9 -6 -7 15 1 -8 2 13 3 4 -0 -12
1 -2 0 -5 4 -7 6 -9 -8 -15 3 -11 -12 -14 13 -10
-9 -14 -13 12 -10 5 -0 3 6 2 4 -7 -8 11 -15 -1
10 8 4 -7 15 11 -13 -1 14 -9 -0 -12 -5 2 -6 -3
15 6 -3 -11 -2 -14 8 -12 -5 -13 10 1 -4 0 9 7
12 9 7 -0 1 8 -15 -4 -2 5 -14 -6 -11 -3 10 13
-2 -5 10 -14 -3 -13 -9 0 -4 -1 11 8 -15 7 12 6
-11 -13 1 -8 -12 10 14 6 3 -0 7 -15 2 -9 -5 -4
-4 3 -6 -15 -11 2 -5 -7 -10 12 -13 9 -1 8 -14 0
-0 -12 2 9 7 15 -3 14 11 -6 -1 5 -10 -13 -4 -8
-7 -10 -5 4 13 -0 1 -11 15 -14 8 2 -6 12 -3 -9
13 15 -8 -3 -6 -9 10 -2 -0 -7 12 -4 -14 -1 -11 5
-14 -1 11 -6 8 -4 -12 -5 -13 -10 -9 -3 -0 -15 7 -2