12 2 -5 7 -4 -11 -9 0 6 15 -10 -1 -13 3 -8 14
-15 -4 -10 9 12 -8 2 -13 -14 -5 -3 -11 0 1 -7 6
-1 11 -0 13 -6 -14 7 -3 4 -9 8 -2 -12 -5 15 -10
-14 8 -6 3 -5 -15 1 -10 -12 -7 0 13 11 -9 4 2 
-10 -7 15 -2 -8 -12 -4 -9 1 6 11 -5 -14 -13 3 -0
3 -5 -9 -1 -11 -13 -15 -7 -2 4 -14 0 8 -10 6 12
-13 -0 -11 14 2 -1 -3 -6 -8 12 -15 -10 7 4 -5 -9 
-6 12 8 4 10 -0 -5 14 7 -13 9 3 15 -2 -11 -1
-2 -15 -1 0 3 7 -12 4 5 -11 -6 9 10 14 13 -8
-7 -6 13 8 -9 -2 11 -5 -10 -14 -1 12 4 -15 -0 -3 
4 9 -3 5 15 -10 14 -8 -0 -2 -13 -7 -6 -12 -1 11 
-11 14 -12 -10 -0 6 13 1 -3 -8 -4 -15 -9 7 -2 -5 
9 1 -2 15 7 4 -10 -12 -11 0 -5 -6 3 -8 14 -13 
-8 3 -7 -11 -14 9 -6 2 -13 1 -12 -4 5 -0 10 -15 
0 -10 4 12 -13 -5 -8 -11 -15 3 -2 14 1 -6 -9 -7 
5 -13 14 -6 -1 -3 0 15 9 -10 -7 -8 2 -11 12 4