-7 3 14 -12 11 -9 -4 13 -10 1 -8 -0 6 2 -15 -5 
-2 -5 -4 -13 1 -0 10 -8 -14 -6 -15 -12 7 -3 -11 9 
1 10 -15 -6 14 -3 2 5 -4 -11 -7 -9 13 0 -12 -8  
11 -9 -8 -0 7 6 15 -12 3 -2 -5 13 14 -10 -4 -1  
-0 -14 -11 4 10 -13 -9 -7 1 -15 6 -2 -5 8 -3 12 
-12 -2 -9 -3 -5 -1 -6 -15 0 -8 -13 -4 -10 7 14 11 
-15 8 6 -7 -4 -11 0 3 -12 10 14 5 -2 9 1 -13 
10 13 -1 5 12 -8 -14 -2 11 -7 9 3 -0 -15 -6 4 
-8 -7 -13 10  15 -5 -12 -4 2 -9 11 -1 -3 6 -0 14 
-3 -11 -5 -1 -2 -14 -13 -0 6 4 10 -8 -9 -12 -7 15 
-6 -0 -12 15 9 -10 8 1 7 -13 -3 -14 11 4 -5 2 
9 4 -2 -14 -3 7 11 -6 -5 0 12 -15 1 13 8 -10 
14 1 -7 8 -6 -15 3 9 -13 -12 2 11 -4 -5 -10 -0 
-13 6 10 9 -0 -12 -1 14 -8 -5 -4 7 15 -11 -2 3 
4 -12 -3 11 -13 2 5 -10 -15 -14 0 6 -8 -1 9 -7 
-5 15 -0 2 -8 -4 -7 -11 9 -3 -1 10 -12 -14 -13 -6 


