0 8 11 7 -13 -15 -10 -14 -3 12 -2 -4 6 -5 -9 1
-12 -15 1 6 -11 -4 3 2 -0 -5 -7 9 -10 -13 -14 -8
-14 -4 13 2 -7 -5 9 -0 8 1 10 -6 -15 12 11 -3
-3 -9 -5 -10 6 -1 -8 -12 11 -14 -13 -15 0 -4 2 7
-11 -10 6 5 -14 3 -15 1 4 7 -0 -8 -2 -9 12 -13
-7 0 -14 4 -8 -12 -6 -13 9 -2 -11 10 1 -3 5 15
9 1 -12 -3 -10 -7 2 -11 -13 -6 -15 5 -8 -14 -4 -0
2 -13 -15 -8 -5 0 4 -9 14 -3 -1 -12 -11 7 -10 6
-5 -7 -2 0 9 -8 -13 10 12 -11 -4 1 -3 -15 6 -14
8 -6 -9 -11 12 14 -7 -15 -10 -0 -5 3 -4 -1 -13 -2
1 14 -3 15 -0 -2 -5 -4 -6 8 -9 -13 -12 -10 7 -11
-10 -12 -4 -13 -1 6 11 3 7 -15 -14 2 9 -8 0 5
-13 5 -10 12 15 -11 -1 -8 -2 -4 6 -7 14 -0 -3 -9
-15 -2 -0 -14 -4 13 -12 5 -1 -9 3 11 -7 -6 -8 10
4 11 -7 -9 -3 10 -0 -6 -15 13 8 14 5 -2 1 -12
6 -3 -8 -1 -2 -9 -14 7 -5 10 -12 -0 -13 -11 15 4